B renewal size
2 0 5149
2 1 9916
2 2 14683
2 3 19450
2 4 24217
2 5 28984
2 6 33751
2 7 38518
2 8 43285
2 9 48053
3 0 5338
3 1 10294
3 2 15250
3 3 20206
3 4 25162
3 5 30118
3 6 35074
3 7 40030
3 8 44986
3 9 49943
5 0 5702
5 1 11022
5 2 16342
5 3 21662
5 4 26982
5 5 32302
5 6 37622
5 7 42942
5 8 48262
5 9 53583
10 0 6807
10 1 13232
10 2 19657
10 3 26082
10 4 32507
10 5 38932
10 6 45357
10 7 51782
10 8 58207
10 9 64633
20 0 8267
20 1 16152
20 2 24037
20 3 31922
20 4 39807
20 5 47692
20 6 55577
20 7 63462
20 8 71347
20 9 79233
